/*--------------------------------*- C++ -*----------------------------------*\
| =========                 |                                                 |
| \\      /  F ield         | OpenFOAM: The Open Source CFD Toolbox           |
|  \\    /   O peration     | Version:  1.6.x                                 |
|   \\  /    A nd           | Web:      www.OpenFOAM.org                      |
|    \\/     M anipulation  |                                                 |
\*---------------------------------------------------------------------------*/
FoamFile
{
    version     2.0;
    format      ascii;
    class       faceList;
    location    "constant/polyMesh";
    object      faces;
}
// * * * * * * * * * * * * * * * * * * * * * * * * * * * * * * * * * * * * * //


944
(
4(354 107 40 332)
4(100 354 332 22)
4(100 8 107 354)
4(355 108 41 333)
4(354 355 333 332)
4(354 107 108 355)
4(356 109 42 334)
4(355 356 334 333)
4(355 108 109 356)
4(357 110 43 335)
4(356 357 335 334)
4(356 109 110 357)
4(358 111 44 336)
4(357 358 336 335)
4(357 110 111 358)
4(359 112 45 337)
4(358 359 337 336)
4(358 111 112 359)
4(360 113 46 338)
4(359 360 338 337)
4(359 112 113 360)
4(361 114 47 339)
4(360 361 339 338)
4(360 113 114 361)
4(362 115 48 340)
4(361 362 340 339)
4(361 114 115 362)
4(363 116 49 341)
4(362 363 341 340)
4(362 115 116 363)
4(364 117 50 342)
4(363 364 342 341)
4(363 116 117 364)
4(365 118 51 343)
4(364 365 343 342)
4(364 117 118 365)
4(366 119 52 344)
4(365 366 344 343)
4(365 118 119 366)
4(367 120 53 345)
4(366 367 345 344)
4(366 119 120 367)
4(368 121 54 346)
4(367 368 346 345)
4(367 120 121 368)
4(368 347 39 346)
4(368 121 24 347)
4(227 354 332 85)
4(15 100 354 227)
4(228 355 333 86)
4(227 354 355 228)
4(229 356 334 87)
4(228 355 356 229)
4(230 357 335 88)
4(229 356 357 230)
4(231 358 336 89)
4(230 357 358 231)
4(232 359 337 90)
4(231 358 359 232)
4(233 360 338 91)
4(232 359 360 233)
4(234 361 339 92)
4(233 360 361 234)
4(235 362 340 93)
4(234 361 362 235)
4(236 363 341 94)
4(235 362 363 236)
4(237 364 342 95)
4(236 363 364 237)
4(238 365 343 96)
4(237 364 365 238)
4(239 366 344 97)
4(238 365 366 239)
4(240 367 345 98)
4(239 366 367 240)
4(241 368 346 99)
4(240 367 368 241)
4(241 368 347 38)
4(369 122 107 354)
4(101 369 354 100)
4(101 9 122 369)
4(370 123 108 355)
4(369 370 355 354)
4(369 122 123 370)
4(371 124 109 356)
4(370 371 356 355)
4(370 123 124 371)
4(372 125 110 357)
4(371 372 357 356)
4(371 124 125 372)
4(373 126 111 358)
4(372 373 358 357)
4(372 125 126 373)
4(374 127 112 359)
4(373 374 359 358)
4(373 126 127 374)
4(375 128 113 360)
4(374 375 360 359)
4(374 127 128 375)
4(376 129 114 361)
4(375 376 361 360)
4(375 128 129 376)
4(377 130 115 362)
4(376 377 362 361)
4(376 129 130 377)
4(378 131 116 363)
4(377 378 363 362)
4(377 130 131 378)
4(379 132 117 364)
4(378 379 364 363)
4(378 131 132 379)
4(380 133 118 365)
4(379 380 365 364)
4(379 132 133 380)
4(381 134 119 366)
4(380 381 366 365)
4(380 133 134 381)
4(382 135 120 367)
4(381 382 367 366)
4(381 134 135 382)
4(383 136 121 368)
4(382 383 368 367)
4(382 135 136 383)
4(383 348 347 368)
4(383 136 25 348)
4(242 369 354 227)
4(16 101 369 242)
4(243 370 355 228)
4(242 369 370 243)
4(244 371 356 229)
4(243 370 371 244)
4(245 372 357 230)
4(244 371 372 245)
4(246 373 358 231)
4(245 372 373 246)
4(247 374 359 232)
4(246 373 374 247)
4(248 375 360 233)
4(247 374 375 248)
4(249 376 361 234)
4(248 375 376 249)
4(250 377 362 235)
4(249 376 377 250)
4(251 378 363 236)
4(250 377 378 251)
4(252 379 364 237)
4(251 378 379 252)
4(253 380 365 238)
4(252 379 380 253)
4(254 381 366 239)
4(253 380 381 254)
4(255 382 367 240)
4(254 381 382 255)
4(256 383 368 241)
4(255 382 383 256)
4(256 383 348 37)
4(384 137 122 369)
4(102 384 369 101)
4(102 10 137 384)
4(385 138 123 370)
4(384 385 370 369)
4(384 137 138 385)
4(386 139 124 371)
4(385 386 371 370)
4(385 138 139 386)
4(387 140 125 372)
4(386 387 372 371)
4(386 139 140 387)
4(388 141 126 373)
4(387 388 373 372)
4(387 140 141 388)
4(389 142 127 374)
4(388 389 374 373)
4(388 141 142 389)
4(390 143 128 375)
4(389 390 375 374)
4(389 142 143 390)
4(391 144 129 376)
4(390 391 376 375)
4(390 143 144 391)
4(392 145 130 377)
4(391 392 377 376)
4(391 144 145 392)
4(393 146 131 378)
4(392 393 378 377)
4(392 145 146 393)
4(394 147 132 379)
4(393 394 379 378)
4(393 146 147 394)
4(395 148 133 380)
4(394 395 380 379)
4(394 147 148 395)
4(396 149 134 381)
4(395 396 381 380)
4(395 148 149 396)
4(397 150 135 382)
4(396 397 382 381)
4(396 149 150 397)
4(398 151 136 383)
4(397 398 383 382)
4(397 150 151 398)
4(398 349 348 383)
4(398 151 26 349)
4(257 384 369 242)
4(17 102 384 257)
4(258 385 370 243)
4(257 384 385 258)
4(259 386 371 244)
4(258 385 386 259)
4(260 387 372 245)
4(259 386 387 260)
4(261 388 373 246)
4(260 387 388 261)
4(262 389 374 247)
4(261 388 389 262)
4(263 390 375 248)
4(262 389 390 263)
4(264 391 376 249)
4(263 390 391 264)
4(265 392 377 250)
4(264 391 392 265)
4(266 393 378 251)
4(265 392 393 266)
4(267 394 379 252)
4(266 393 394 267)
4(268 395 380 253)
4(267 394 395 268)
4(269 396 381 254)
4(268 395 396 269)
4(270 397 382 255)
4(269 396 397 270)
4(271 398 383 256)
4(270 397 398 271)
4(271 398 349 36)
4(399 152 137 384)
4(103 399 384 102)
4(103 11 152 399)
4(400 153 138 385)
4(399 400 385 384)
4(399 152 153 400)
4(401 154 139 386)
4(400 401 386 385)
4(400 153 154 401)
4(402 155 140 387)
4(401 402 387 386)
4(401 154 155 402)
4(403 156 141 388)
4(402 403 388 387)
4(402 155 156 403)
4(404 157 142 389)
4(403 404 389 388)
4(403 156 157 404)
4(405 158 143 390)
4(404 405 390 389)
4(404 157 158 405)
4(406 159 144 391)
4(405 406 391 390)
4(405 158 159 406)
4(407 160 145 392)
4(406 407 392 391)
4(406 159 160 407)
4(408 161 146 393)
4(407 408 393 392)
4(407 160 161 408)
4(409 162 147 394)
4(408 409 394 393)
4(408 161 162 409)
4(410 163 148 395)
4(409 410 395 394)
4(409 162 163 410)
4(411 164 149 396)
4(410 411 396 395)
4(410 163 164 411)
4(412 165 150 397)
4(411 412 397 396)
4(411 164 165 412)
4(413 166 151 398)
4(412 413 398 397)
4(412 165 166 413)
4(413 350 349 398)
4(413 166 27 350)
4(272 399 384 257)
4(18 103 399 272)
4(273 400 385 258)
4(272 399 400 273)
4(274 401 386 259)
4(273 400 401 274)
4(275 402 387 260)
4(274 401 402 275)
4(276 403 388 261)
4(275 402 403 276)
4(277 404 389 262)
4(276 403 404 277)
4(278 405 390 263)
4(277 404 405 278)
4(279 406 391 264)
4(278 405 406 279)
4(280 407 392 265)
4(279 406 407 280)
4(281 408 393 266)
4(280 407 408 281)
4(282 409 394 267)
4(281 408 409 282)
4(283 410 395 268)
4(282 409 410 283)
4(284 411 396 269)
4(283 410 411 284)
4(285 412 397 270)
4(284 411 412 285)
4(286 413 398 271)
4(285 412 413 286)
4(286 413 350 35)
4(414 167 152 399)
4(104 414 399 103)
4(104 12 167 414)
4(415 168 153 400)
4(414 415 400 399)
4(414 167 168 415)
4(416 169 154 401)
4(415 416 401 400)
4(415 168 169 416)
4(417 170 155 402)
4(416 417 402 401)
4(416 169 170 417)
4(418 171 156 403)
4(417 418 403 402)
4(417 170 171 418)
4(419 172 157 404)
4(418 419 404 403)
4(418 171 172 419)
4(420 173 158 405)
4(419 420 405 404)
4(419 172 173 420)
4(421 174 159 406)
4(420 421 406 405)
4(420 173 174 421)
4(422 175 160 407)
4(421 422 407 406)
4(421 174 175 422)
4(423 176 161 408)
4(422 423 408 407)
4(422 175 176 423)
4(424 177 162 409)
4(423 424 409 408)
4(423 176 177 424)
4(425 178 163 410)
4(424 425 410 409)
4(424 177 178 425)
4(426 179 164 411)
4(425 426 411 410)
4(425 178 179 426)
4(427 180 165 412)
4(426 427 412 411)
4(426 179 180 427)
4(428 181 166 413)
4(427 428 413 412)
4(427 180 181 428)
4(428 351 350 413)
4(428 181 28 351)
4(287 414 399 272)
4(19 104 414 287)
4(288 415 400 273)
4(287 414 415 288)
4(289 416 401 274)
4(288 415 416 289)
4(290 417 402 275)
4(289 416 417 290)
4(291 418 403 276)
4(290 417 418 291)
4(292 419 404 277)
4(291 418 419 292)
4(293 420 405 278)
4(292 419 420 293)
4(294 421 406 279)
4(293 420 421 294)
4(295 422 407 280)
4(294 421 422 295)
4(296 423 408 281)
4(295 422 423 296)
4(297 424 409 282)
4(296 423 424 297)
4(298 425 410 283)
4(297 424 425 298)
4(299 426 411 284)
4(298 425 426 299)
4(300 427 412 285)
4(299 426 427 300)
4(301 428 413 286)
4(300 427 428 301)
4(301 428 351 34)
4(429 182 167 414)
4(105 429 414 104)
4(105 13 182 429)
4(430 183 168 415)
4(429 430 415 414)
4(429 182 183 430)
4(431 184 169 416)
4(430 431 416 415)
4(430 183 184 431)
4(432 185 170 417)
4(431 432 417 416)
4(431 184 185 432)
4(433 186 171 418)
4(432 433 418 417)
4(432 185 186 433)
4(434 187 172 419)
4(433 434 419 418)
4(433 186 187 434)
4(435 188 173 420)
4(434 435 420 419)
4(434 187 188 435)
4(436 189 174 421)
4(435 436 421 420)
4(435 188 189 436)
4(437 190 175 422)
4(436 437 422 421)
4(436 189 190 437)
4(438 191 176 423)
4(437 438 423 422)
4(437 190 191 438)
4(439 192 177 424)
4(438 439 424 423)
4(438 191 192 439)
4(440 193 178 425)
4(439 440 425 424)
4(439 192 193 440)
4(441 194 179 426)
4(440 441 426 425)
4(440 193 194 441)
4(442 195 180 427)
4(441 442 427 426)
4(441 194 195 442)
4(443 196 181 428)
4(442 443 428 427)
4(442 195 196 443)
4(443 352 351 428)
4(443 196 29 352)
4(302 429 414 287)
4(20 105 429 302)
4(303 430 415 288)
4(302 429 430 303)
4(304 431 416 289)
4(303 430 431 304)
4(305 432 417 290)
4(304 431 432 305)
4(306 433 418 291)
4(305 432 433 306)
4(307 434 419 292)
4(306 433 434 307)
4(308 435 420 293)
4(307 434 435 308)
4(309 436 421 294)
4(308 435 436 309)
4(310 437 422 295)
4(309 436 437 310)
4(311 438 423 296)
4(310 437 438 311)
4(312 439 424 297)
4(311 438 439 312)
4(313 440 425 298)
4(312 439 440 313)
4(314 441 426 299)
4(313 440 441 314)
4(315 442 427 300)
4(314 441 442 315)
4(316 443 428 301)
4(315 442 443 316)
4(316 443 352 33)
4(444 197 182 429)
4(106 444 429 105)
4(106 14 197 444)
4(445 198 183 430)
4(444 445 430 429)
4(444 197 198 445)
4(446 199 184 431)
4(445 446 431 430)
4(445 198 199 446)
4(447 200 185 432)
4(446 447 432 431)
4(446 199 200 447)
4(448 201 186 433)
4(447 448 433 432)
4(447 200 201 448)
4(449 202 187 434)
4(448 449 434 433)
4(448 201 202 449)
4(450 203 188 435)
4(449 450 435 434)
4(449 202 203 450)
4(451 204 189 436)
4(450 451 436 435)
4(450 203 204 451)
4(452 205 190 437)
4(451 452 437 436)
4(451 204 205 452)
4(453 206 191 438)
4(452 453 438 437)
4(452 205 206 453)
4(454 207 192 439)
4(453 454 439 438)
4(453 206 207 454)
4(455 208 193 440)
4(454 455 440 439)
4(454 207 208 455)
4(456 209 194 441)
4(455 456 441 440)
4(455 208 209 456)
4(457 210 195 442)
4(456 457 442 441)
4(456 209 210 457)
4(458 211 196 443)
4(457 458 443 442)
4(457 210 211 458)
4(458 353 352 443)
4(458 211 30 353)
4(317 444 429 302)
4(21 106 444 317)
4(318 445 430 303)
4(317 444 445 318)
4(319 446 431 304)
4(318 445 446 319)
4(320 447 432 305)
4(319 446 447 320)
4(321 448 433 306)
4(320 447 448 321)
4(322 449 434 307)
4(321 448 449 322)
4(323 450 435 308)
4(322 449 450 323)
4(324 451 436 309)
4(323 450 451 324)
4(325 452 437 310)
4(324 451 452 325)
4(326 453 438 311)
4(325 452 453 326)
4(327 454 439 312)
4(326 453 454 327)
4(328 455 440 313)
4(327 454 455 328)
4(329 456 441 314)
4(328 455 456 329)
4(330 457 442 315)
4(329 456 457 330)
4(331 458 443 316)
4(330 457 458 331)
4(331 458 353 32)
4(212 55 197 444)
4(23 212 444 106)
4(213 56 198 445)
4(212 213 445 444)
4(214 57 199 446)
4(213 214 446 445)
4(215 58 200 447)
4(214 215 447 446)
4(216 59 201 448)
4(215 216 448 447)
4(217 60 202 449)
4(216 217 449 448)
4(218 61 203 450)
4(217 218 450 449)
4(219 62 204 451)
4(218 219 451 450)
4(220 63 205 452)
4(219 220 452 451)
4(221 64 206 453)
4(220 221 453 452)
4(222 65 207 454)
4(221 222 454 453)
4(223 66 208 455)
4(222 223 455 454)
4(224 67 209 456)
4(223 224 456 455)
4(225 68 210 457)
4(224 225 457 456)
4(226 69 211 458)
4(225 226 458 457)
4(226 31 353 458)
4(70 212 444 317)
4(71 213 445 318)
4(72 214 446 319)
4(73 215 447 320)
4(74 216 448 321)
4(75 217 449 322)
4(76 218 450 323)
4(77 219 451 324)
4(78 220 452 325)
4(79 221 453 326)
4(80 222 454 327)
4(81 223 455 328)
4(82 224 456 329)
4(83 225 457 330)
4(84 226 458 331)
4(100 22 0 8)
4(15 2 22 100)
4(101 100 8 9)
4(16 15 100 101)
4(102 101 9 10)
4(17 16 101 102)
4(103 102 10 11)
4(18 17 102 103)
4(104 103 11 12)
4(19 18 103 104)
4(105 104 12 13)
4(20 19 104 105)
4(106 105 13 14)
4(21 20 105 106)
4(23 106 14 1)
4(3 21 106 23)
4(8 0 40 107)
4(22 332 40 0)
4(107 40 41 108)
4(332 333 41 40)
4(108 41 42 109)
4(333 334 42 41)
4(109 42 43 110)
4(334 335 43 42)
4(110 43 44 111)
4(335 336 44 43)
4(111 44 45 112)
4(336 337 45 44)
4(112 45 46 113)
4(337 338 46 45)
4(113 46 47 114)
4(338 339 47 46)
4(114 47 48 115)
4(339 340 48 47)
4(115 48 49 116)
4(340 341 49 48)
4(116 49 50 117)
4(341 342 50 49)
4(117 50 51 118)
4(342 343 51 50)
4(118 51 52 119)
4(343 344 52 51)
4(119 52 53 120)
4(344 345 53 52)
4(120 53 54 121)
4(345 346 54 53)
4(121 54 4 24)
4(346 39 4 54)
4(2 85 332 22)
4(85 86 333 332)
4(86 87 334 333)
4(87 88 335 334)
4(88 89 336 335)
4(89 90 337 336)
4(90 91 338 337)
4(91 92 339 338)
4(92 93 340 339)
4(93 94 341 340)
4(94 95 342 341)
4(95 96 343 342)
4(96 97 344 343)
4(97 98 345 344)
4(98 99 346 345)
4(99 7 39 346)
4(9 8 107 122)
4(122 107 108 123)
4(123 108 109 124)
4(124 109 110 125)
4(125 110 111 126)
4(126 111 112 127)
4(127 112 113 128)
4(128 113 114 129)
4(129 114 115 130)
4(130 115 116 131)
4(131 116 117 132)
4(132 117 118 133)
4(133 118 119 134)
4(134 119 120 135)
4(135 120 121 136)
4(136 121 24 25)
4(10 9 122 137)
4(137 122 123 138)
4(138 123 124 139)
4(139 124 125 140)
4(140 125 126 141)
4(141 126 127 142)
4(142 127 128 143)
4(143 128 129 144)
4(144 129 130 145)
4(145 130 131 146)
4(146 131 132 147)
4(147 132 133 148)
4(148 133 134 149)
4(149 134 135 150)
4(150 135 136 151)
4(151 136 25 26)
4(11 10 137 152)
4(152 137 138 153)
4(153 138 139 154)
4(154 139 140 155)
4(155 140 141 156)
4(156 141 142 157)
4(157 142 143 158)
4(158 143 144 159)
4(159 144 145 160)
4(160 145 146 161)
4(161 146 147 162)
4(162 147 148 163)
4(163 148 149 164)
4(164 149 150 165)
4(165 150 151 166)
4(166 151 26 27)
4(12 11 152 167)
4(167 152 153 168)
4(168 153 154 169)
4(169 154 155 170)
4(170 155 156 171)
4(171 156 157 172)
4(172 157 158 173)
4(173 158 159 174)
4(174 159 160 175)
4(175 160 161 176)
4(176 161 162 177)
4(177 162 163 178)
4(178 163 164 179)
4(179 164 165 180)
4(180 165 166 181)
4(181 166 27 28)
4(13 12 167 182)
4(182 167 168 183)
4(183 168 169 184)
4(184 169 170 185)
4(185 170 171 186)
4(186 171 172 187)
4(187 172 173 188)
4(188 173 174 189)
4(189 174 175 190)
4(190 175 176 191)
4(191 176 177 192)
4(192 177 178 193)
4(193 178 179 194)
4(194 179 180 195)
4(195 180 181 196)
4(196 181 28 29)
4(14 13 182 197)
4(197 182 183 198)
4(198 183 184 199)
4(199 184 185 200)
4(200 185 186 201)
4(201 186 187 202)
4(202 187 188 203)
4(203 188 189 204)
4(204 189 190 205)
4(205 190 191 206)
4(206 191 192 207)
4(207 192 193 208)
4(208 193 194 209)
4(209 194 195 210)
4(210 195 196 211)
4(211 196 29 30)
4(1 14 197 55)
4(23 1 55 212)
4(55 197 198 56)
4(212 55 56 213)
4(56 198 199 57)
4(213 56 57 214)
4(57 199 200 58)
4(214 57 58 215)
4(58 200 201 59)
4(215 58 59 216)
4(59 201 202 60)
4(216 59 60 217)
4(60 202 203 61)
4(217 60 61 218)
4(61 203 204 62)
4(218 61 62 219)
4(62 204 205 63)
4(219 62 63 220)
4(63 205 206 64)
4(220 63 64 221)
4(64 206 207 65)
4(221 64 65 222)
4(65 207 208 66)
4(222 65 66 223)
4(66 208 209 67)
4(223 66 67 224)
4(67 209 210 68)
4(224 67 68 225)
4(68 210 211 69)
4(225 68 69 226)
4(69 211 30 5)
4(226 69 5 31)
4(3 23 212 70)
4(70 212 213 71)
4(71 213 214 72)
4(72 214 215 73)
4(73 215 216 74)
4(74 216 217 75)
4(75 217 218 76)
4(76 218 219 77)
4(77 219 220 78)
4(78 220 221 79)
4(79 221 222 80)
4(80 222 223 81)
4(81 223 224 82)
4(82 224 225 83)
4(83 225 226 84)
4(84 226 31 6)
4(15 227 85 2)
4(227 228 86 85)
4(228 229 87 86)
4(229 230 88 87)
4(230 231 89 88)
4(231 232 90 89)
4(232 233 91 90)
4(233 234 92 91)
4(234 235 93 92)
4(235 236 94 93)
4(236 237 95 94)
4(237 238 96 95)
4(238 239 97 96)
4(239 240 98 97)
4(240 241 99 98)
4(241 38 7 99)
4(16 242 227 15)
4(242 243 228 227)
4(243 244 229 228)
4(244 245 230 229)
4(245 246 231 230)
4(246 247 232 231)
4(247 248 233 232)
4(248 249 234 233)
4(249 250 235 234)
4(250 251 236 235)
4(251 252 237 236)
4(252 253 238 237)
4(253 254 239 238)
4(254 255 240 239)
4(255 256 241 240)
4(256 37 38 241)
4(17 257 242 16)
4(257 258 243 242)
4(258 259 244 243)
4(259 260 245 244)
4(260 261 246 245)
4(261 262 247 246)
4(262 263 248 247)
4(263 264 249 248)
4(264 265 250 249)
4(265 266 251 250)
4(266 267 252 251)
4(267 268 253 252)
4(268 269 254 253)
4(269 270 255 254)
4(270 271 256 255)
4(271 36 37 256)
4(18 272 257 17)
4(272 273 258 257)
4(273 274 259 258)
4(274 275 260 259)
4(275 276 261 260)
4(276 277 262 261)
4(277 278 263 262)
4(278 279 264 263)
4(279 280 265 264)
4(280 281 266 265)
4(281 282 267 266)
4(282 283 268 267)
4(283 284 269 268)
4(284 285 270 269)
4(285 286 271 270)
4(286 35 36 271)
4(19 287 272 18)
4(287 288 273 272)
4(288 289 274 273)
4(289 290 275 274)
4(290 291 276 275)
4(291 292 277 276)
4(292 293 278 277)
4(293 294 279 278)
4(294 295 280 279)
4(295 296 281 280)
4(296 297 282 281)
4(297 298 283 282)
4(298 299 284 283)
4(299 300 285 284)
4(300 301 286 285)
4(301 34 35 286)
4(20 302 287 19)
4(302 303 288 287)
4(303 304 289 288)
4(304 305 290 289)
4(305 306 291 290)
4(306 307 292 291)
4(307 308 293 292)
4(308 309 294 293)
4(309 310 295 294)
4(310 311 296 295)
4(311 312 297 296)
4(312 313 298 297)
4(313 314 299 298)
4(314 315 300 299)
4(315 316 301 300)
4(316 33 34 301)
4(21 317 302 20)
4(317 318 303 302)
4(318 319 304 303)
4(319 320 305 304)
4(320 321 306 305)
4(321 322 307 306)
4(322 323 308 307)
4(323 324 309 308)
4(324 325 310 309)
4(325 326 311 310)
4(326 327 312 311)
4(327 328 313 312)
4(328 329 314 313)
4(329 330 315 314)
4(330 331 316 315)
4(331 32 33 316)
4(3 70 317 21)
4(70 71 318 317)
4(71 72 319 318)
4(72 73 320 319)
4(73 74 321 320)
4(74 75 322 321)
4(75 76 323 322)
4(76 77 324 323)
4(77 78 325 324)
4(78 79 326 325)
4(79 80 327 326)
4(80 81 328 327)
4(81 82 329 328)
4(82 83 330 329)
4(83 84 331 330)
4(84 6 32 331)
4(347 24 4 39)
4(38 347 39 7)
4(348 25 24 347)
4(37 348 347 38)
4(349 26 25 348)
4(36 349 348 37)
4(350 27 26 349)
4(35 350 349 36)
4(351 28 27 350)
4(34 351 350 35)
4(352 29 28 351)
4(33 352 351 34)
4(353 30 29 352)
4(32 353 352 33)
4(31 5 30 353)
4(6 31 353 32)
)


// ************************************************************************* //
