/*--------------------------------*- C++ -*----------------------------------*\
| =========                 |                                                 |
| \\      /  F ield         | OpenFOAM: The Open Source CFD Toolbox           |
|  \\    /   O peration     | Version:  1.6.x                                 |
|   \\  /    A nd           | Web:      www.OpenFOAM.org                      |
|    \\/     M anipulation  |                                                 |
\*---------------------------------------------------------------------------*/
FoamFile
{
    version     2.0;
    format      ascii;
    class       faceList;
    location    "constant/polyMesh";
    object      faces;
}
// * * * * * * * * * * * * * * * * * * * * * * * * * * * * * * * * * * * * * //


716
(
4(282 97 32 262)
4(92 282 262 18)
4(92 8 97 282)
4(283 98 33 263)
4(282 283 263 262)
4(282 97 98 283)
4(284 99 34 264)
4(283 284 264 263)
4(283 98 99 284)
4(285 100 35 265)
4(284 285 265 264)
4(284 99 100 285)
4(286 101 36 266)
4(285 286 266 265)
4(285 100 101 286)
4(287 102 37 267)
4(286 287 267 266)
4(286 101 102 287)
4(288 103 38 268)
4(287 288 268 267)
4(287 102 103 288)
4(289 104 39 269)
4(288 289 269 268)
4(288 103 104 289)
4(290 105 40 270)
4(289 290 270 269)
4(289 104 105 290)
4(291 106 41 271)
4(290 291 271 270)
4(290 105 106 291)
4(292 107 42 272)
4(291 292 272 271)
4(291 106 107 292)
4(293 108 43 273)
4(292 293 273 272)
4(292 107 108 293)
4(294 109 44 274)
4(293 294 274 273)
4(293 108 109 294)
4(295 110 45 275)
4(294 295 275 274)
4(294 109 110 295)
4(296 111 46 276)
4(295 296 276 275)
4(295 110 111 296)
4(296 277 31 276)
4(296 111 20 277)
4(187 282 262 77)
4(13 92 282 187)
4(188 283 263 78)
4(187 282 283 188)
4(189 284 264 79)
4(188 283 284 189)
4(190 285 265 80)
4(189 284 285 190)
4(191 286 266 81)
4(190 285 286 191)
4(192 287 267 82)
4(191 286 287 192)
4(193 288 268 83)
4(192 287 288 193)
4(194 289 269 84)
4(193 288 289 194)
4(195 290 270 85)
4(194 289 290 195)
4(196 291 271 86)
4(195 290 291 196)
4(197 292 272 87)
4(196 291 292 197)
4(198 293 273 88)
4(197 292 293 198)
4(199 294 274 89)
4(198 293 294 199)
4(200 295 275 90)
4(199 294 295 200)
4(201 296 276 91)
4(200 295 296 201)
4(201 296 277 30)
4(297 112 97 282)
4(93 297 282 92)
4(93 9 112 297)
4(298 113 98 283)
4(297 298 283 282)
4(297 112 113 298)
4(299 114 99 284)
4(298 299 284 283)
4(298 113 114 299)
4(300 115 100 285)
4(299 300 285 284)
4(299 114 115 300)
4(301 116 101 286)
4(300 301 286 285)
4(300 115 116 301)
4(302 117 102 287)
4(301 302 287 286)
4(301 116 117 302)
4(303 118 103 288)
4(302 303 288 287)
4(302 117 118 303)
4(304 119 104 289)
4(303 304 289 288)
4(303 118 119 304)
4(305 120 105 290)
4(304 305 290 289)
4(304 119 120 305)
4(306 121 106 291)
4(305 306 291 290)
4(305 120 121 306)
4(307 122 107 292)
4(306 307 292 291)
4(306 121 122 307)
4(308 123 108 293)
4(307 308 293 292)
4(307 122 123 308)
4(309 124 109 294)
4(308 309 294 293)
4(308 123 124 309)
4(310 125 110 295)
4(309 310 295 294)
4(309 124 125 310)
4(311 126 111 296)
4(310 311 296 295)
4(310 125 126 311)
4(311 278 277 296)
4(311 126 21 278)
4(202 297 282 187)
4(14 93 297 202)
4(203 298 283 188)
4(202 297 298 203)
4(204 299 284 189)
4(203 298 299 204)
4(205 300 285 190)
4(204 299 300 205)
4(206 301 286 191)
4(205 300 301 206)
4(207 302 287 192)
4(206 301 302 207)
4(208 303 288 193)
4(207 302 303 208)
4(209 304 289 194)
4(208 303 304 209)
4(210 305 290 195)
4(209 304 305 210)
4(211 306 291 196)
4(210 305 306 211)
4(212 307 292 197)
4(211 306 307 212)
4(213 308 293 198)
4(212 307 308 213)
4(214 309 294 199)
4(213 308 309 214)
4(215 310 295 200)
4(214 309 310 215)
4(216 311 296 201)
4(215 310 311 216)
4(216 311 278 29)
4(312 127 112 297)
4(94 312 297 93)
4(94 10 127 312)
4(313 128 113 298)
4(312 313 298 297)
4(312 127 128 313)
4(314 129 114 299)
4(313 314 299 298)
4(313 128 129 314)
4(315 130 115 300)
4(314 315 300 299)
4(314 129 130 315)
4(316 131 116 301)
4(315 316 301 300)
4(315 130 131 316)
4(317 132 117 302)
4(316 317 302 301)
4(316 131 132 317)
4(318 133 118 303)
4(317 318 303 302)
4(317 132 133 318)
4(319 134 119 304)
4(318 319 304 303)
4(318 133 134 319)
4(320 135 120 305)
4(319 320 305 304)
4(319 134 135 320)
4(321 136 121 306)
4(320 321 306 305)
4(320 135 136 321)
4(322 137 122 307)
4(321 322 307 306)
4(321 136 137 322)
4(323 138 123 308)
4(322 323 308 307)
4(322 137 138 323)
4(324 139 124 309)
4(323 324 309 308)
4(323 138 139 324)
4(325 140 125 310)
4(324 325 310 309)
4(324 139 140 325)
4(326 141 126 311)
4(325 326 311 310)
4(325 140 141 326)
4(326 279 278 311)
4(326 141 22 279)
4(217 312 297 202)
4(15 94 312 217)
4(218 313 298 203)
4(217 312 313 218)
4(219 314 299 204)
4(218 313 314 219)
4(220 315 300 205)
4(219 314 315 220)
4(221 316 301 206)
4(220 315 316 221)
4(222 317 302 207)
4(221 316 317 222)
4(223 318 303 208)
4(222 317 318 223)
4(224 319 304 209)
4(223 318 319 224)
4(225 320 305 210)
4(224 319 320 225)
4(226 321 306 211)
4(225 320 321 226)
4(227 322 307 212)
4(226 321 322 227)
4(228 323 308 213)
4(227 322 323 228)
4(229 324 309 214)
4(228 323 324 229)
4(230 325 310 215)
4(229 324 325 230)
4(231 326 311 216)
4(230 325 326 231)
4(231 326 279 28)
4(327 142 127 312)
4(95 327 312 94)
4(95 11 142 327)
4(328 143 128 313)
4(327 328 313 312)
4(327 142 143 328)
4(329 144 129 314)
4(328 329 314 313)
4(328 143 144 329)
4(330 145 130 315)
4(329 330 315 314)
4(329 144 145 330)
4(331 146 131 316)
4(330 331 316 315)
4(330 145 146 331)
4(332 147 132 317)
4(331 332 317 316)
4(331 146 147 332)
4(333 148 133 318)
4(332 333 318 317)
4(332 147 148 333)
4(334 149 134 319)
4(333 334 319 318)
4(333 148 149 334)
4(335 150 135 320)
4(334 335 320 319)
4(334 149 150 335)
4(336 151 136 321)
4(335 336 321 320)
4(335 150 151 336)
4(337 152 137 322)
4(336 337 322 321)
4(336 151 152 337)
4(338 153 138 323)
4(337 338 323 322)
4(337 152 153 338)
4(339 154 139 324)
4(338 339 324 323)
4(338 153 154 339)
4(340 155 140 325)
4(339 340 325 324)
4(339 154 155 340)
4(341 156 141 326)
4(340 341 326 325)
4(340 155 156 341)
4(341 280 279 326)
4(341 156 23 280)
4(232 327 312 217)
4(16 95 327 232)
4(233 328 313 218)
4(232 327 328 233)
4(234 329 314 219)
4(233 328 329 234)
4(235 330 315 220)
4(234 329 330 235)
4(236 331 316 221)
4(235 330 331 236)
4(237 332 317 222)
4(236 331 332 237)
4(238 333 318 223)
4(237 332 333 238)
4(239 334 319 224)
4(238 333 334 239)
4(240 335 320 225)
4(239 334 335 240)
4(241 336 321 226)
4(240 335 336 241)
4(242 337 322 227)
4(241 336 337 242)
4(243 338 323 228)
4(242 337 338 243)
4(244 339 324 229)
4(243 338 339 244)
4(245 340 325 230)
4(244 339 340 245)
4(246 341 326 231)
4(245 340 341 246)
4(246 341 280 27)
4(342 157 142 327)
4(96 342 327 95)
4(96 12 157 342)
4(343 158 143 328)
4(342 343 328 327)
4(342 157 158 343)
4(344 159 144 329)
4(343 344 329 328)
4(343 158 159 344)
4(345 160 145 330)
4(344 345 330 329)
4(344 159 160 345)
4(346 161 146 331)
4(345 346 331 330)
4(345 160 161 346)
4(347 162 147 332)
4(346 347 332 331)
4(346 161 162 347)
4(348 163 148 333)
4(347 348 333 332)
4(347 162 163 348)
4(349 164 149 334)
4(348 349 334 333)
4(348 163 164 349)
4(350 165 150 335)
4(349 350 335 334)
4(349 164 165 350)
4(351 166 151 336)
4(350 351 336 335)
4(350 165 166 351)
4(352 167 152 337)
4(351 352 337 336)
4(351 166 167 352)
4(353 168 153 338)
4(352 353 338 337)
4(352 167 168 353)
4(354 169 154 339)
4(353 354 339 338)
4(353 168 169 354)
4(355 170 155 340)
4(354 355 340 339)
4(354 169 170 355)
4(356 171 156 341)
4(355 356 341 340)
4(355 170 171 356)
4(356 281 280 341)
4(356 171 24 281)
4(247 342 327 232)
4(17 96 342 247)
4(248 343 328 233)
4(247 342 343 248)
4(249 344 329 234)
4(248 343 344 249)
4(250 345 330 235)
4(249 344 345 250)
4(251 346 331 236)
4(250 345 346 251)
4(252 347 332 237)
4(251 346 347 252)
4(253 348 333 238)
4(252 347 348 253)
4(254 349 334 239)
4(253 348 349 254)
4(255 350 335 240)
4(254 349 350 255)
4(256 351 336 241)
4(255 350 351 256)
4(257 352 337 242)
4(256 351 352 257)
4(258 353 338 243)
4(257 352 353 258)
4(259 354 339 244)
4(258 353 354 259)
4(260 355 340 245)
4(259 354 355 260)
4(261 356 341 246)
4(260 355 356 261)
4(261 356 281 26)
4(172 47 157 342)
4(19 172 342 96)
4(173 48 158 343)
4(172 173 343 342)
4(174 49 159 344)
4(173 174 344 343)
4(175 50 160 345)
4(174 175 345 344)
4(176 51 161 346)
4(175 176 346 345)
4(177 52 162 347)
4(176 177 347 346)
4(178 53 163 348)
4(177 178 348 347)
4(179 54 164 349)
4(178 179 349 348)
4(180 55 165 350)
4(179 180 350 349)
4(181 56 166 351)
4(180 181 351 350)
4(182 57 167 352)
4(181 182 352 351)
4(183 58 168 353)
4(182 183 353 352)
4(184 59 169 354)
4(183 184 354 353)
4(185 60 170 355)
4(184 185 355 354)
4(186 61 171 356)
4(185 186 356 355)
4(186 25 281 356)
4(62 172 342 247)
4(63 173 343 248)
4(64 174 344 249)
4(65 175 345 250)
4(66 176 346 251)
4(67 177 347 252)
4(68 178 348 253)
4(69 179 349 254)
4(70 180 350 255)
4(71 181 351 256)
4(72 182 352 257)
4(73 183 353 258)
4(74 184 354 259)
4(75 185 355 260)
4(76 186 356 261)
4(92 18 0 8)
4(13 2 18 92)
4(93 92 8 9)
4(14 13 92 93)
4(94 93 9 10)
4(15 14 93 94)
4(95 94 10 11)
4(16 15 94 95)
4(96 95 11 12)
4(17 16 95 96)
4(19 96 12 1)
4(3 17 96 19)
4(8 0 32 97)
4(18 262 32 0)
4(97 32 33 98)
4(262 263 33 32)
4(98 33 34 99)
4(263 264 34 33)
4(99 34 35 100)
4(264 265 35 34)
4(100 35 36 101)
4(265 266 36 35)
4(101 36 37 102)
4(266 267 37 36)
4(102 37 38 103)
4(267 268 38 37)
4(103 38 39 104)
4(268 269 39 38)
4(104 39 40 105)
4(269 270 40 39)
4(105 40 41 106)
4(270 271 41 40)
4(106 41 42 107)
4(271 272 42 41)
4(107 42 43 108)
4(272 273 43 42)
4(108 43 44 109)
4(273 274 44 43)
4(109 44 45 110)
4(274 275 45 44)
4(110 45 46 111)
4(275 276 46 45)
4(111 46 4 20)
4(276 31 4 46)
4(2 77 262 18)
4(77 78 263 262)
4(78 79 264 263)
4(79 80 265 264)
4(80 81 266 265)
4(81 82 267 266)
4(82 83 268 267)
4(83 84 269 268)
4(84 85 270 269)
4(85 86 271 270)
4(86 87 272 271)
4(87 88 273 272)
4(88 89 274 273)
4(89 90 275 274)
4(90 91 276 275)
4(91 7 31 276)
4(9 8 97 112)
4(112 97 98 113)
4(113 98 99 114)
4(114 99 100 115)
4(115 100 101 116)
4(116 101 102 117)
4(117 102 103 118)
4(118 103 104 119)
4(119 104 105 120)
4(120 105 106 121)
4(121 106 107 122)
4(122 107 108 123)
4(123 108 109 124)
4(124 109 110 125)
4(125 110 111 126)
4(126 111 20 21)
4(10 9 112 127)
4(127 112 113 128)
4(128 113 114 129)
4(129 114 115 130)
4(130 115 116 131)
4(131 116 117 132)
4(132 117 118 133)
4(133 118 119 134)
4(134 119 120 135)
4(135 120 121 136)
4(136 121 122 137)
4(137 122 123 138)
4(138 123 124 139)
4(139 124 125 140)
4(140 125 126 141)
4(141 126 21 22)
4(11 10 127 142)
4(142 127 128 143)
4(143 128 129 144)
4(144 129 130 145)
4(145 130 131 146)
4(146 131 132 147)
4(147 132 133 148)
4(148 133 134 149)
4(149 134 135 150)
4(150 135 136 151)
4(151 136 137 152)
4(152 137 138 153)
4(153 138 139 154)
4(154 139 140 155)
4(155 140 141 156)
4(156 141 22 23)
4(12 11 142 157)
4(157 142 143 158)
4(158 143 144 159)
4(159 144 145 160)
4(160 145 146 161)
4(161 146 147 162)
4(162 147 148 163)
4(163 148 149 164)
4(164 149 150 165)
4(165 150 151 166)
4(166 151 152 167)
4(167 152 153 168)
4(168 153 154 169)
4(169 154 155 170)
4(170 155 156 171)
4(171 156 23 24)
4(1 12 157 47)
4(19 1 47 172)
4(47 157 158 48)
4(172 47 48 173)
4(48 158 159 49)
4(173 48 49 174)
4(49 159 160 50)
4(174 49 50 175)
4(50 160 161 51)
4(175 50 51 176)
4(51 161 162 52)
4(176 51 52 177)
4(52 162 163 53)
4(177 52 53 178)
4(53 163 164 54)
4(178 53 54 179)
4(54 164 165 55)
4(179 54 55 180)
4(55 165 166 56)
4(180 55 56 181)
4(56 166 167 57)
4(181 56 57 182)
4(57 167 168 58)
4(182 57 58 183)
4(58 168 169 59)
4(183 58 59 184)
4(59 169 170 60)
4(184 59 60 185)
4(60 170 171 61)
4(185 60 61 186)
4(61 171 24 5)
4(186 61 5 25)
4(3 19 172 62)
4(62 172 173 63)
4(63 173 174 64)
4(64 174 175 65)
4(65 175 176 66)
4(66 176 177 67)
4(67 177 178 68)
4(68 178 179 69)
4(69 179 180 70)
4(70 180 181 71)
4(71 181 182 72)
4(72 182 183 73)
4(73 183 184 74)
4(74 184 185 75)
4(75 185 186 76)
4(76 186 25 6)
4(13 187 77 2)
4(187 188 78 77)
4(188 189 79 78)
4(189 190 80 79)
4(190 191 81 80)
4(191 192 82 81)
4(192 193 83 82)
4(193 194 84 83)
4(194 195 85 84)
4(195 196 86 85)
4(196 197 87 86)
4(197 198 88 87)
4(198 199 89 88)
4(199 200 90 89)
4(200 201 91 90)
4(201 30 7 91)
4(14 202 187 13)
4(202 203 188 187)
4(203 204 189 188)
4(204 205 190 189)
4(205 206 191 190)
4(206 207 192 191)
4(207 208 193 192)
4(208 209 194 193)
4(209 210 195 194)
4(210 211 196 195)
4(211 212 197 196)
4(212 213 198 197)
4(213 214 199 198)
4(214 215 200 199)
4(215 216 201 200)
4(216 29 30 201)
4(15 217 202 14)
4(217 218 203 202)
4(218 219 204 203)
4(219 220 205 204)
4(220 221 206 205)
4(221 222 207 206)
4(222 223 208 207)
4(223 224 209 208)
4(224 225 210 209)
4(225 226 211 210)
4(226 227 212 211)
4(227 228 213 212)
4(228 229 214 213)
4(229 230 215 214)
4(230 231 216 215)
4(231 28 29 216)
4(16 232 217 15)
4(232 233 218 217)
4(233 234 219 218)
4(234 235 220 219)
4(235 236 221 220)
4(236 237 222 221)
4(237 238 223 222)
4(238 239 224 223)
4(239 240 225 224)
4(240 241 226 225)
4(241 242 227 226)
4(242 243 228 227)
4(243 244 229 228)
4(244 245 230 229)
4(245 246 231 230)
4(246 27 28 231)
4(17 247 232 16)
4(247 248 233 232)
4(248 249 234 233)
4(249 250 235 234)
4(250 251 236 235)
4(251 252 237 236)
4(252 253 238 237)
4(253 254 239 238)
4(254 255 240 239)
4(255 256 241 240)
4(256 257 242 241)
4(257 258 243 242)
4(258 259 244 243)
4(259 260 245 244)
4(260 261 246 245)
4(261 26 27 246)
4(3 62 247 17)
4(62 63 248 247)
4(63 64 249 248)
4(64 65 250 249)
4(65 66 251 250)
4(66 67 252 251)
4(67 68 253 252)
4(68 69 254 253)
4(69 70 255 254)
4(70 71 256 255)
4(71 72 257 256)
4(72 73 258 257)
4(73 74 259 258)
4(74 75 260 259)
4(75 76 261 260)
4(76 6 26 261)
4(277 20 4 31)
4(30 277 31 7)
4(278 21 20 277)
4(29 278 277 30)
4(279 22 21 278)
4(28 279 278 29)
4(280 23 22 279)
4(27 280 279 28)
4(281 24 23 280)
4(26 281 280 27)
4(25 5 24 281)
4(6 25 281 26)
)


// ************************************************************************* //
