/*--------------------------------*- C++ -*----------------------------------*\
| =========                 |                                                 |
| \\      /  F ield         | OpenFOAM: The Open Source CFD Toolbox           |
|  \\    /   O peration     | Version:  1.6.x                                 |
|   \\  /    A nd           | Web:      www.OpenFOAM.org                      |
|    \\/     M anipulation  |                                                 |
\*---------------------------------------------------------------------------*/
FoamFile
{
    version     2.0;
    format      ascii;
    class       labelList;
    note        "nPoints:357  nCells:192  nFaces:716  nInternalFaces:436";
    location    "constant/polyMesh";
    object      neighbour;
}
// * * * * * * * * * * * * * * * * * * * * * * * * * * * * * * * * * * * * * //


436
(
1
16
32
2
17
33
3
18
34
4
19
35
5
20
36
6
21
37
7
22
38
8
23
39
9
24
40
10
25
41
11
26
42
12
27
43
13
28
44
14
29
45
15
30
46
31
47
17
48
18
49
19
50
20
51
21
52
22
53
23
54
24
55
25
56
26
57
27
58
28
59
29
60
30
61
31
62
63
33
48
64
34
49
65
35
50
66
36
51
67
37
52
68
38
53
69
39
54
70
40
55
71
41
56
72
42
57
73
43
58
74
44
59
75
45
60
76
46
61
77
47
62
78
63
79
49
80
50
81
51
82
52
83
53
84
54
85
55
86
56
87
57
88
58
89
59
90
60
91
61
92
62
93
63
94
95
65
80
96
66
81
97
67
82
98
68
83
99
69
84
100
70
85
101
71
86
102
72
87
103
73
88
104
74
89
105
75
90
106
76
91
107
77
92
108
78
93
109
79
94
110
95
111
81
112
82
113
83
114
84
115
85
116
86
117
87
118
88
119
89
120
90
121
91
122
92
123
93
124
94
125
95
126
127
97
112
128
98
113
129
99
114
130
100
115
131
101
116
132
102
117
133
103
118
134
104
119
135
105
120
136
106
121
137
107
122
138
108
123
139
109
124
140
110
125
141
111
126
142
127
143
113
144
114
145
115
146
116
147
117
148
118
149
119
150
120
151
121
152
122
153
123
154
124
155
125
156
126
157
127
158
159
129
144
160
130
145
161
131
146
162
132
147
163
133
148
164
134
149
165
135
150
166
136
151
167
137
152
168
138
153
169
139
154
170
140
155
171
141
156
172
142
157
173
143
158
174
159
175
145
176
146
177
147
178
148
179
149
180
150
181
151
182
152
183
153
184
154
185
155
186
156
187
157
188
158
189
159
190
191
161
176
162
177
163
178
164
179
165
180
166
181
167
182
168
183
169
184
170
185
171
186
172
187
173
188
174
189
175
190
191
177
178
179
180
181
182
183
184
185
186
187
188
189
190
191
)


// ************************************************************************* //
