/*--------------------------------*- C++ -*----------------------------------*\
| =========                 |                                                 |
| \\      /  F ield         | OpenFOAM: The Open Source CFD Toolbox           |
|  \\    /   O peration     | Version:  1.6.x                                 |
|   \\  /    A nd           | Web:      www.OpenFOAM.org                      |
|    \\/     M anipulation  |                                                 |
\*---------------------------------------------------------------------------*/
FoamFile
{
    version     2.0;
    format      ascii;
    class       faceList;
    location    "constant/polyMesh";
    object      faces;
}
// * * * * * * * * * * * * * * * * * * * * * * * * * * * * * * * * * * * * * //


488
(
4(210 87 24 192)
4(84 210 192 14)
4(84 8 87 210)
4(211 88 25 193)
4(210 211 193 192)
4(210 87 88 211)
4(212 89 26 194)
4(211 212 194 193)
4(211 88 89 212)
4(213 90 27 195)
4(212 213 195 194)
4(212 89 90 213)
4(214 91 28 196)
4(213 214 196 195)
4(213 90 91 214)
4(215 92 29 197)
4(214 215 197 196)
4(214 91 92 215)
4(216 93 30 198)
4(215 216 198 197)
4(215 92 93 216)
4(217 94 31 199)
4(216 217 199 198)
4(216 93 94 217)
4(218 95 32 200)
4(217 218 200 199)
4(217 94 95 218)
4(219 96 33 201)
4(218 219 201 200)
4(218 95 96 219)
4(220 97 34 202)
4(219 220 202 201)
4(219 96 97 220)
4(221 98 35 203)
4(220 221 203 202)
4(220 97 98 221)
4(222 99 36 204)
4(221 222 204 203)
4(221 98 99 222)
4(223 100 37 205)
4(222 223 205 204)
4(222 99 100 223)
4(224 101 38 206)
4(223 224 206 205)
4(223 100 101 224)
4(224 207 23 206)
4(224 101 16 207)
4(147 210 192 69)
4(11 84 210 147)
4(148 211 193 70)
4(147 210 211 148)
4(149 212 194 71)
4(148 211 212 149)
4(150 213 195 72)
4(149 212 213 150)
4(151 214 196 73)
4(150 213 214 151)
4(152 215 197 74)
4(151 214 215 152)
4(153 216 198 75)
4(152 215 216 153)
4(154 217 199 76)
4(153 216 217 154)
4(155 218 200 77)
4(154 217 218 155)
4(156 219 201 78)
4(155 218 219 156)
4(157 220 202 79)
4(156 219 220 157)
4(158 221 203 80)
4(157 220 221 158)
4(159 222 204 81)
4(158 221 222 159)
4(160 223 205 82)
4(159 222 223 160)
4(161 224 206 83)
4(160 223 224 161)
4(161 224 207 22)
4(225 102 87 210)
4(85 225 210 84)
4(85 9 102 225)
4(226 103 88 211)
4(225 226 211 210)
4(225 102 103 226)
4(227 104 89 212)
4(226 227 212 211)
4(226 103 104 227)
4(228 105 90 213)
4(227 228 213 212)
4(227 104 105 228)
4(229 106 91 214)
4(228 229 214 213)
4(228 105 106 229)
4(230 107 92 215)
4(229 230 215 214)
4(229 106 107 230)
4(231 108 93 216)
4(230 231 216 215)
4(230 107 108 231)
4(232 109 94 217)
4(231 232 217 216)
4(231 108 109 232)
4(233 110 95 218)
4(232 233 218 217)
4(232 109 110 233)
4(234 111 96 219)
4(233 234 219 218)
4(233 110 111 234)
4(235 112 97 220)
4(234 235 220 219)
4(234 111 112 235)
4(236 113 98 221)
4(235 236 221 220)
4(235 112 113 236)
4(237 114 99 222)
4(236 237 222 221)
4(236 113 114 237)
4(238 115 100 223)
4(237 238 223 222)
4(237 114 115 238)
4(239 116 101 224)
4(238 239 224 223)
4(238 115 116 239)
4(239 208 207 224)
4(239 116 17 208)
4(162 225 210 147)
4(12 85 225 162)
4(163 226 211 148)
4(162 225 226 163)
4(164 227 212 149)
4(163 226 227 164)
4(165 228 213 150)
4(164 227 228 165)
4(166 229 214 151)
4(165 228 229 166)
4(167 230 215 152)
4(166 229 230 167)
4(168 231 216 153)
4(167 230 231 168)
4(169 232 217 154)
4(168 231 232 169)
4(170 233 218 155)
4(169 232 233 170)
4(171 234 219 156)
4(170 233 234 171)
4(172 235 220 157)
4(171 234 235 172)
4(173 236 221 158)
4(172 235 236 173)
4(174 237 222 159)
4(173 236 237 174)
4(175 238 223 160)
4(174 237 238 175)
4(176 239 224 161)
4(175 238 239 176)
4(176 239 208 21)
4(240 117 102 225)
4(86 240 225 85)
4(86 10 117 240)
4(241 118 103 226)
4(240 241 226 225)
4(240 117 118 241)
4(242 119 104 227)
4(241 242 227 226)
4(241 118 119 242)
4(243 120 105 228)
4(242 243 228 227)
4(242 119 120 243)
4(244 121 106 229)
4(243 244 229 228)
4(243 120 121 244)
4(245 122 107 230)
4(244 245 230 229)
4(244 121 122 245)
4(246 123 108 231)
4(245 246 231 230)
4(245 122 123 246)
4(247 124 109 232)
4(246 247 232 231)
4(246 123 124 247)
4(248 125 110 233)
4(247 248 233 232)
4(247 124 125 248)
4(249 126 111 234)
4(248 249 234 233)
4(248 125 126 249)
4(250 127 112 235)
4(249 250 235 234)
4(249 126 127 250)
4(251 128 113 236)
4(250 251 236 235)
4(250 127 128 251)
4(252 129 114 237)
4(251 252 237 236)
4(251 128 129 252)
4(253 130 115 238)
4(252 253 238 237)
4(252 129 130 253)
4(254 131 116 239)
4(253 254 239 238)
4(253 130 131 254)
4(254 209 208 239)
4(254 131 18 209)
4(177 240 225 162)
4(13 86 240 177)
4(178 241 226 163)
4(177 240 241 178)
4(179 242 227 164)
4(178 241 242 179)
4(180 243 228 165)
4(179 242 243 180)
4(181 244 229 166)
4(180 243 244 181)
4(182 245 230 167)
4(181 244 245 182)
4(183 246 231 168)
4(182 245 246 183)
4(184 247 232 169)
4(183 246 247 184)
4(185 248 233 170)
4(184 247 248 185)
4(186 249 234 171)
4(185 248 249 186)
4(187 250 235 172)
4(186 249 250 187)
4(188 251 236 173)
4(187 250 251 188)
4(189 252 237 174)
4(188 251 252 189)
4(190 253 238 175)
4(189 252 253 190)
4(191 254 239 176)
4(190 253 254 191)
4(191 254 209 20)
4(132 39 117 240)
4(15 132 240 86)
4(133 40 118 241)
4(132 133 241 240)
4(134 41 119 242)
4(133 134 242 241)
4(135 42 120 243)
4(134 135 243 242)
4(136 43 121 244)
4(135 136 244 243)
4(137 44 122 245)
4(136 137 245 244)
4(138 45 123 246)
4(137 138 246 245)
4(139 46 124 247)
4(138 139 247 246)
4(140 47 125 248)
4(139 140 248 247)
4(141 48 126 249)
4(140 141 249 248)
4(142 49 127 250)
4(141 142 250 249)
4(143 50 128 251)
4(142 143 251 250)
4(144 51 129 252)
4(143 144 252 251)
4(145 52 130 253)
4(144 145 253 252)
4(146 53 131 254)
4(145 146 254 253)
4(146 19 209 254)
4(54 132 240 177)
4(55 133 241 178)
4(56 134 242 179)
4(57 135 243 180)
4(58 136 244 181)
4(59 137 245 182)
4(60 138 246 183)
4(61 139 247 184)
4(62 140 248 185)
4(63 141 249 186)
4(64 142 250 187)
4(65 143 251 188)
4(66 144 252 189)
4(67 145 253 190)
4(68 146 254 191)
4(84 14 0 8)
4(11 2 14 84)
4(85 84 8 9)
4(12 11 84 85)
4(86 85 9 10)
4(13 12 85 86)
4(15 86 10 1)
4(3 13 86 15)
4(8 0 24 87)
4(14 192 24 0)
4(87 24 25 88)
4(192 193 25 24)
4(88 25 26 89)
4(193 194 26 25)
4(89 26 27 90)
4(194 195 27 26)
4(90 27 28 91)
4(195 196 28 27)
4(91 28 29 92)
4(196 197 29 28)
4(92 29 30 93)
4(197 198 30 29)
4(93 30 31 94)
4(198 199 31 30)
4(94 31 32 95)
4(199 200 32 31)
4(95 32 33 96)
4(200 201 33 32)
4(96 33 34 97)
4(201 202 34 33)
4(97 34 35 98)
4(202 203 35 34)
4(98 35 36 99)
4(203 204 36 35)
4(99 36 37 100)
4(204 205 37 36)
4(100 37 38 101)
4(205 206 38 37)
4(101 38 4 16)
4(206 23 4 38)
4(2 69 192 14)
4(69 70 193 192)
4(70 71 194 193)
4(71 72 195 194)
4(72 73 196 195)
4(73 74 197 196)
4(74 75 198 197)
4(75 76 199 198)
4(76 77 200 199)
4(77 78 201 200)
4(78 79 202 201)
4(79 80 203 202)
4(80 81 204 203)
4(81 82 205 204)
4(82 83 206 205)
4(83 7 23 206)
4(9 8 87 102)
4(102 87 88 103)
4(103 88 89 104)
4(104 89 90 105)
4(105 90 91 106)
4(106 91 92 107)
4(107 92 93 108)
4(108 93 94 109)
4(109 94 95 110)
4(110 95 96 111)
4(111 96 97 112)
4(112 97 98 113)
4(113 98 99 114)
4(114 99 100 115)
4(115 100 101 116)
4(116 101 16 17)
4(10 9 102 117)
4(117 102 103 118)
4(118 103 104 119)
4(119 104 105 120)
4(120 105 106 121)
4(121 106 107 122)
4(122 107 108 123)
4(123 108 109 124)
4(124 109 110 125)
4(125 110 111 126)
4(126 111 112 127)
4(127 112 113 128)
4(128 113 114 129)
4(129 114 115 130)
4(130 115 116 131)
4(131 116 17 18)
4(1 10 117 39)
4(15 1 39 132)
4(39 117 118 40)
4(132 39 40 133)
4(40 118 119 41)
4(133 40 41 134)
4(41 119 120 42)
4(134 41 42 135)
4(42 120 121 43)
4(135 42 43 136)
4(43 121 122 44)
4(136 43 44 137)
4(44 122 123 45)
4(137 44 45 138)
4(45 123 124 46)
4(138 45 46 139)
4(46 124 125 47)
4(139 46 47 140)
4(47 125 126 48)
4(140 47 48 141)
4(48 126 127 49)
4(141 48 49 142)
4(49 127 128 50)
4(142 49 50 143)
4(50 128 129 51)
4(143 50 51 144)
4(51 129 130 52)
4(144 51 52 145)
4(52 130 131 53)
4(145 52 53 146)
4(53 131 18 5)
4(146 53 5 19)
4(3 15 132 54)
4(54 132 133 55)
4(55 133 134 56)
4(56 134 135 57)
4(57 135 136 58)
4(58 136 137 59)
4(59 137 138 60)
4(60 138 139 61)
4(61 139 140 62)
4(62 140 141 63)
4(63 141 142 64)
4(64 142 143 65)
4(65 143 144 66)
4(66 144 145 67)
4(67 145 146 68)
4(68 146 19 6)
4(11 147 69 2)
4(147 148 70 69)
4(148 149 71 70)
4(149 150 72 71)
4(150 151 73 72)
4(151 152 74 73)
4(152 153 75 74)
4(153 154 76 75)
4(154 155 77 76)
4(155 156 78 77)
4(156 157 79 78)
4(157 158 80 79)
4(158 159 81 80)
4(159 160 82 81)
4(160 161 83 82)
4(161 22 7 83)
4(12 162 147 11)
4(162 163 148 147)
4(163 164 149 148)
4(164 165 150 149)
4(165 166 151 150)
4(166 167 152 151)
4(167 168 153 152)
4(168 169 154 153)
4(169 170 155 154)
4(170 171 156 155)
4(171 172 157 156)
4(172 173 158 157)
4(173 174 159 158)
4(174 175 160 159)
4(175 176 161 160)
4(176 21 22 161)
4(13 177 162 12)
4(177 178 163 162)
4(178 179 164 163)
4(179 180 165 164)
4(180 181 166 165)
4(181 182 167 166)
4(182 183 168 167)
4(183 184 169 168)
4(184 185 170 169)
4(185 186 171 170)
4(186 187 172 171)
4(187 188 173 172)
4(188 189 174 173)
4(189 190 175 174)
4(190 191 176 175)
4(191 20 21 176)
4(3 54 177 13)
4(54 55 178 177)
4(55 56 179 178)
4(56 57 180 179)
4(57 58 181 180)
4(58 59 182 181)
4(59 60 183 182)
4(60 61 184 183)
4(61 62 185 184)
4(62 63 186 185)
4(63 64 187 186)
4(64 65 188 187)
4(65 66 189 188)
4(66 67 190 189)
4(67 68 191 190)
4(68 6 20 191)
4(207 16 4 23)
4(22 207 23 7)
4(208 17 16 207)
4(21 208 207 22)
4(209 18 17 208)
4(20 209 208 21)
4(19 5 18 209)
4(6 19 209 20)
)


// ************************************************************************* //
