/*--------------------------------*- C++ -*----------------------------------*\
| =========                 |                                                 |
| \\      /  F ield         | OpenFOAM: The Open Source CFD Toolbox           |
|  \\    /   O peration     | Version:  1.6.x                                 |
|   \\  /    A nd           | Web:      www.OpenFOAM.org                      |
|    \\/     M anipulation  |                                                 |
\*---------------------------------------------------------------------------*/
FoamFile
{
    version     2.0;
    format      ascii;
    class       labelList;
    note        "nPoints:255  nCells:128  nFaces:488  nInternalFaces:280";
    location    "constant/polyMesh";
    object      neighbour;
}
// * * * * * * * * * * * * * * * * * * * * * * * * * * * * * * * * * * * * * //


280
(
1
16
32
2
17
33
3
18
34
4
19
35
5
20
36
6
21
37
7
22
38
8
23
39
9
24
40
10
25
41
11
26
42
12
27
43
13
28
44
14
29
45
15
30
46
31
47
17
48
18
49
19
50
20
51
21
52
22
53
23
54
24
55
25
56
26
57
27
58
28
59
29
60
30
61
31
62
63
33
48
64
34
49
65
35
50
66
36
51
67
37
52
68
38
53
69
39
54
70
40
55
71
41
56
72
42
57
73
43
58
74
44
59
75
45
60
76
46
61
77
47
62
78
63
79
49
80
50
81
51
82
52
83
53
84
54
85
55
86
56
87
57
88
58
89
59
90
60
91
61
92
62
93
63
94
95
65
80
96
66
81
97
67
82
98
68
83
99
69
84
100
70
85
101
71
86
102
72
87
103
73
88
104
74
89
105
75
90
106
76
91
107
77
92
108
78
93
109
79
94
110
95
111
81
112
82
113
83
114
84
115
85
116
86
117
87
118
88
119
89
120
90
121
91
122
92
123
93
124
94
125
95
126
127
97
112
98
113
99
114
100
115
101
116
102
117
103
118
104
119
105
120
106
121
107
122
108
123
109
124
110
125
111
126
127
113
114
115
116
117
118
119
120
121
122
123
124
125
126
127
)


// ************************************************************************* //
