/*--------------------------------*- C++ -*----------------------------------*\
| =========                 |                                                 |
| \\      /  F ield         | OpenFOAM: The Open Source CFD Toolbox           |
|  \\    /   O peration     | Version:  1.6.x                                 |
|   \\  /    A nd           | Web:      www.OpenFOAM.org                      |
|    \\/     M anipulation  |                                                 |
\*---------------------------------------------------------------------------*/
FoamFile
{
    version     2.0;
    format      ascii;
    class       vectorField;
    location    "constant/polyMesh";
    object      points;
}
// * * * * * * * * * * * * * * * * * * * * * * * * * * * * * * * * * * * * * //


255
(
(2.6 2.1 16.3)
(-2.6 2.1 16.3)
(2.6 0 16.3)
(-2.6 0 16.3)
(2.6 2.1 -6.15)
(-2.6 2.1 -6.15)
(-2.6 0 -6.15)
(2.6 0 -6.15)
(1.3 2.1 16.3)
(0 2.1 16.3)
(-1.3 2.1 16.3)
(1.3 0 16.3)
(0 0 16.3)
(-1.3 0 16.3)
(2.6 1.05 16.3)
(-2.6 1.05 16.3)
(1.3 2.1 -6.15)
(0 2.1 -6.15)
(-1.3 2.1 -6.15)
(-2.6 1.05 -6.15)
(-1.3 0 -6.15)
(0 0 -6.15)
(1.3 0 -6.15)
(2.6 1.05 -6.15)
(2.6 2.1 14.896875)
(2.6 2.1 13.49375)
(2.6 2.1 12.090625)
(2.6 2.1 10.6875)
(2.6 2.1 9.284375)
(2.6 2.1 7.88125)
(2.6 2.1 6.478125)
(2.6 2.1 5.075)
(2.6 2.1 3.671875)
(2.6 2.1 2.26875)
(2.6 2.1 0.865625)
(2.6 2.1 -0.5375)
(2.6 2.1 -1.940625)
(2.6 2.1 -3.34375)
(2.6 2.1 -4.746875)
(-2.6 2.1 14.896875)
(-2.6 2.1 13.49375)
(-2.6 2.1 12.090625)
(-2.6 2.1 10.6875)
(-2.6 2.1 9.284375)
(-2.6 2.1 7.88125)
(-2.6 2.1 6.478125)
(-2.6 2.1 5.075)
(-2.6 2.1 3.671875)
(-2.6 2.1 2.26875)
(-2.6 2.1 0.865625)
(-2.6 2.1 -0.5375)
(-2.6 2.1 -1.940625)
(-2.6 2.1 -3.34375)
(-2.6 2.1 -4.746875)
(-2.6 0 14.896875)
(-2.6 0 13.49375)
(-2.6 0 12.090625)
(-2.6 0 10.6875)
(-2.6 0 9.284375)
(-2.6 0 7.88125)
(-2.6 0 6.478125)
(-2.6 0 5.075)
(-2.6 0 3.671875)
(-2.6 0 2.26875)
(-2.6 0 0.865625)
(-2.6 0 -0.5375)
(-2.6 0 -1.940625)
(-2.6 0 -3.34375)
(-2.6 0 -4.746875)
(2.6 0 14.896875)
(2.6 0 13.49375)
(2.6 0 12.090625)
(2.6 0 10.6875)
(2.6 0 9.284375)
(2.6 0 7.88125)
(2.6 0 6.478125)
(2.6 0 5.075)
(2.6 0 3.671875)
(2.6 0 2.26875)
(2.6 0 0.865625)
(2.6 0 -0.5375)
(2.6 0 -1.940625)
(2.6 0 -3.34375)
(2.6 0 -4.746875)
(1.3 1.05 16.3)
(0 1.05 16.3)
(-1.3 1.05 16.3)
(1.3 2.1 14.896875)
(1.3 2.1 13.49375)
(1.3 2.1 12.090625)
(1.3 2.1 10.6875)
(1.3 2.1 9.284375)
(1.3 2.1 7.88125)
(1.3 2.1 6.478125)
(1.3 2.1 5.075)
(1.3 2.1 3.671875)
(1.3 2.1 2.26875)
(1.3 2.1 0.865625)
(1.3 2.1 -0.5375)
(1.3 2.1 -1.940625)
(1.3 2.1 -3.34375)
(1.3 2.1 -4.746875)
(0 2.1 14.896875)
(0 2.1 13.49375)
(0 2.1 12.090625)
(0 2.1 10.6875)
(0 2.1 9.284375)
(0 2.1 7.88125)
(0 2.1 6.478125)
(0 2.1 5.075)
(0 2.1 3.671875)
(0 2.1 2.26875)
(0 2.1 0.865625)
(0 2.1 -0.5375)
(0 2.1 -1.940625)
(0 2.1 -3.34375)
(0 2.1 -4.746875)
(-1.3 2.1 14.896875)
(-1.3 2.1 13.49375)
(-1.3 2.1 12.090625)
(-1.3 2.1 10.6875)
(-1.3 2.1 9.284375)
(-1.3 2.1 7.88125)
(-1.3 2.1 6.478125)
(-1.3 2.1 5.075)
(-1.3 2.1 3.671875)
(-1.3 2.1 2.26875)
(-1.3 2.1 0.865625)
(-1.3 2.1 -0.5375)
(-1.3 2.1 -1.940625)
(-1.3 2.1 -3.34375)
(-1.3 2.1 -4.746875)
(-2.6 1.05 14.896875)
(-2.6 1.05 13.49375)
(-2.6 1.05 12.090625)
(-2.6 1.05 10.6875)
(-2.6 1.05 9.284375)
(-2.6 1.05 7.88125)
(-2.6 1.05 6.478125)
(-2.6 1.05 5.075)
(-2.6 1.05 3.671875)
(-2.6 1.05 2.26875)
(-2.6 1.05 0.865625)
(-2.6 1.05 -0.5375)
(-2.6 1.05 -1.940625)
(-2.6 1.05 -3.34375)
(-2.6 1.05 -4.746875)
(1.3 0 14.896875)
(1.3 0 13.49375)
(1.3 0 12.090625)
(1.3 0 10.6875)
(1.3 0 9.284375)
(1.3 0 7.88125)
(1.3 0 6.478125)
(1.3 0 5.075)
(1.3 0 3.671875)
(1.3 0 2.26875)
(1.3 0 0.865625)
(1.3 0 -0.5375)
(1.3 0 -1.940625)
(1.3 0 -3.34375)
(1.3 0 -4.746875)
(0 0 14.896875)
(0 0 13.49375)
(0 0 12.090625)
(0 0 10.6875)
(0 0 9.284375)
(0 0 7.88125)
(0 0 6.478125)
(0 0 5.075)
(0 0 3.671875)
(0 0 2.26875)
(0 0 0.865625)
(0 0 -0.5375)
(0 0 -1.940625)
(0 0 -3.34375)
(0 0 -4.746875)
(-1.3 0 14.896875)
(-1.3 0 13.49375)
(-1.3 0 12.090625)
(-1.3 0 10.6875)
(-1.3 0 9.284375)
(-1.3 0 7.88125)
(-1.3 0 6.478125)
(-1.3 0 5.075)
(-1.3 0 3.671875)
(-1.3 0 2.26875)
(-1.3 0 0.865625)
(-1.3 0 -0.5375)
(-1.3 0 -1.940625)
(-1.3 0 -3.34375)
(-1.3 0 -4.746875)
(2.6 1.05 14.896875)
(2.6 1.05 13.49375)
(2.6 1.05 12.090625)
(2.6 1.05 10.6875)
(2.6 1.05 9.284375)
(2.6 1.05 7.88125)
(2.6 1.05 6.478125)
(2.6 1.05 5.075)
(2.6 1.05 3.671875)
(2.6 1.05 2.26875)
(2.6 1.05 0.865625)
(2.6 1.05 -0.5375)
(2.6 1.05 -1.940625)
(2.6 1.05 -3.34375)
(2.6 1.05 -4.746875)
(1.3 1.05 -6.15)
(0 1.05 -6.15)
(-1.3 1.05 -6.15)
(1.3 1.05 14.896875)
(1.3 1.05 13.49375)
(1.3 1.05 12.090625)
(1.3 1.05 10.6875)
(1.3 1.05 9.284375)
(1.3 1.05 7.88125)
(1.3 1.05 6.478125)
(1.3 1.05 5.075)
(1.3 1.05 3.671875)
(1.3 1.05 2.26875)
(1.3 1.05 0.865625)
(1.3 1.05 -0.5375)
(1.3 1.05 -1.940625)
(1.3 1.05 -3.34375)
(1.3 1.05 -4.746875)
(0 1.05 14.896875)
(0 1.05 13.49375)
(0 1.05 12.090625)
(0 1.05 10.6875)
(0 1.05 9.284375)
(0 1.05 7.88125)
(0 1.05 6.478125)
(0 1.05 5.075)
(0 1.05 3.671875)
(0 1.05 2.26875)
(0 1.05 0.865625)
(0 1.05 -0.5375)
(0 1.05 -1.940625)
(0 1.05 -3.34375)
(0 1.05 -4.746875)
(-1.3 1.05 14.896875)
(-1.3 1.05 13.49375)
(-1.3 1.05 12.090625)
(-1.3 1.05 10.6875)
(-1.3 1.05 9.284375)
(-1.3 1.05 7.88125)
(-1.3 1.05 6.478125)
(-1.3 1.05 5.075)
(-1.3 1.05 3.671875)
(-1.3 1.05 2.26875)
(-1.3 1.05 0.865625)
(-1.3 1.05 -0.5375)
(-1.3 1.05 -1.940625)
(-1.3 1.05 -3.34375)
(-1.3 1.05 -4.746875)
)


// ************************************************************************* //
